iter_count,loss
100,0.718964
200,0.249534
300,0.144453
400,0.121753
500,0.104853
600,0.088281
700,0.075902
800,0.063825
900,0.053672
1000,0.045227
1100,0.037768
1200,0.032817
1300,0.027493
1400,0.023415
1500,0.020208
1600,0.0185
1700,0.016121
1800,0.014474
1900,0.01483
2000,0.014956
2100,0.014217
2200,0.013321
2300,0.01274
2400,0.012593
2500,0.011351
2600,0.012594
2700,0.012466
2800,0.011703
2900,0.011311
3000,0.011515
3100,0.011463
3200,0.011414
3300,0.012585
3400,0.012804
3500,0.011429
3600,0.011192
3700,0.011371
3800,0.011749
3900,0.011098
4000,0.011361
4100,0.011408
4200,0.011355
4300,0.011987
4400,0.011412
4500,0.011335
4600,0.011758
4700,0.011197
4800,0.01096
4900,0.011628
5000,0.011098
5100,0.010478
5200,0.011034
5300,0.013398
5400,0.010518
5500,0.010525
5600,0.011743
5700,0.010519
5800,0.011072
5900,0.010838
6000,0.01094
6100,0.011426
6200,0.011681
6300,0.010431
6400,0.01105
6500,0.011691
6600,0.010264
6700,0.010424
6800,0.009294
6900,0.011197
7000,0.010265
7100,0.01092
7200,0.010428
7300,0.009938
7400,0.010804
7500,0.010558
7600,0.009978
7700,0.009883
7800,0.010279
7900,0.010038
8000,0.010581
8100,0.010203
8200,0.010047
8300,0.00967
8400,0.010811
8500,0.009825
8600,0.010747
8700,0.009378
8800,0.010283
8900,0.009473
9000,0.00991
9100,0.009922
9200,0.010089
9300,0.00958
9400,0.010381
9500,0.010222
9600,0.010397
9700,0.010174
9800,0.009621
9900,0.009108
10000,0.009394
10100,0.00981
10200,0.009586
10300,0.009745
10400,0.010226
10500,0.009166
10600,0.008968
10700,0.010156
10800,0.009735
10900,0.009085
11000,0.009752
11100,0.009753
11200,0.011288
11300,0.008993
11400,0.009354
11500,0.009933
11600,0.008874
11700,0.009336
11800,0.009598
11900,0.008066
12000,0.010148
12100,0.010427
12200,0.009067
12300,0.009335
12400,0.010257
12500,0.00908
12600,0.009498
12700,0.008599
12800,0.009124
12900,0.009553
13000,0.009407
13100,0.009342
13200,0.010146
13300,0.009164
13400,0.008777
13500,0.008551
13600,0.009868
13700,0.009416
13800,0.010124
13900,0.010012
14000,0.009269
14100,0.009557
14200,0.009905
14300,0.009368
14400,0.008908
14500,0.009046
14600,0.008905
14700,0.00908
14800,0.009589
14900,0.008321
15000,0.009426
15100,0.008955
15200,0.009107
15300,0.008844
15400,0.009056
15500,0.009661
15600,0.010629
15700,0.008611
15800,0.00923
15900,0.009157
16000,0.008651
16100,0.008679
16200,0.008233
16300,0.009258
16400,0.008631
16500,0.009663
16600,0.0096
16700,0.010611
16800,0.009298
16900,0.008642
17000,0.008955
17100,0.00868
17200,0.01013
17300,0.008454
17400,0.0084
17500,0.008191
17600,0.008851
17700,0.009207
17800,0.008578
17900,0.008709
18000,0.008072
18100,0.009398
18200,0.008241
18300,0.008583
18400,0.00922
18500,0.009185
18600,0.008783
18700,0.009999
18800,0.008498
18900,0.008783
19000,0.009073
19100,0.00893
19200,0.00882
19300,0.008677
19400,0.00863
19500,0.008124
19600,0.008169
19700,0.006747
19800,0.008591
19900,0.007774
20000,0.008359
20100,0.008807
20200,0.008427
20300,0.008675
20400,0.008054
20500,0.008267
20600,0.009082
20700,0.008466
20800,0.007986
20900,0.008423
21000,0.009121
21100,0.008609
21200,0.008624
21300,0.00868
21400,0.008645
21500,0.008955
21600,0.008441
21700,0.009509
21800,0.009593
21900,0.008071
22000,0.008675
22100,0.008375
22200,0.007585
22300,0.007854
22400,0.008295
22500,0.008282
22600,0.008548
22700,0.008091
22800,0.009138
22900,0.008033
23000,0.007588
23100,0.007852
23200,0.008706
23300,0.008132
23400,0.007517
23500,0.008084
23600,0.008181
23700,0.008429
23800,0.008546
23900,0.008648
24000,0.008913
24100,0.00812
24200,0.007943
24300,0.00856
24400,0.008056
24500,0.007694
24600,0.008807
24700,0.008034
24800,0.008008
24900,0.008504
25000,0.007956
25100,0.008821
25200,0.007942
25300,0.009495
25400,0.008836
25500,0.008656
25600,0.008461
25700,0.008884
25800,0.009282
25900,0.008551
26000,0.007808
26100,0.008143
26200,0.007862
26300,0.008595
26400,0.008778
26500,0.008238
26600,0.008019
26700,0.007914
26800,0.009376
26900,0.007282
27000,0.007949
27100,0.007619
27200,0.007769
27300,0.008123
27400,0.007815
27500,0.00812
27600,0.008106
27700,0.008661
27800,0.007757
27900,0.007563
28000,0.007965
28100,0.008698
28200,0.007691
28300,0.008467
28400,0.007475
28500,0.008538
28600,0.0088
28700,0.008064
28800,0.007806
28900,0.008473
29000,0.008358
29100,0.007923
29200,0.007624
29300,0.00883
29400,0.008429
29500,0.008032
29600,0.008342
29700,0.007947
29800,0.007905
29900,0.008273
30000,0.008017
30100,0.007565
30200,0.007601
30300,0.008269
30400,0.007956
30500,0.00832
30600,0.008777
30700,0.00853
30800,0.007901
30900,0.008225
31000,0.007786
31100,0.008386
31200,0.00787
31300,0.008515
31400,0.009273
31500,0.008253
31600,0.008805
31700,0.008396
31800,0.008117
31900,0.00893
32000,0.007406
32100,0.007329
32200,0.008487
32300,0.007506
32400,0.007798
32500,0.007567
32600,0.008521
32700,0.008007
32800,0.008691
32900,0.007448
33000,0.008162
33100,0.00814
33200,0.007589
33300,0.007934
33400,0.008459
33500,0.007608
33600,0.009416
33700,0.00813
33800,0.008078
33900,0.007133
34000,0.007893
34100,0.007983
34200,0.00835
34300,0.007573
34400,0.008373
34500,0.008893
34600,0.008263
34700,0.008941
34800,0.008157
34900,0.006997
35000,0.008059
35100,0.007361
35200,0.008363
35300,0.008585
35400,0.007232
35500,0.007431
35600,0.007844
35700,0.007629
35800,0.008268
35900,0.008179
36000,0.008639
36100,0.007933
36200,0.007487
36300,0.0074
36400,0.007582
36500,0.008203
36600,0.008
36700,0.00707
36800,0.008409
36900,0.008245
37000,0.008842
37100,0.00701
37200,0.008429
37300,0.009575
37400,0.007516
37500,0.007779
37600,0.008537
37700,0.007177
37800,0.007819
37900,0.007775
38000,0.007853
38100,0.007634
38200,0.007754
38300,0.008141
38400,0.007656
38500,0.006644
38600,0.008315
38700,0.007762
38800,0.006834
38900,0.007872
39000,0.00756
39100,0.007463
39200,0.007439
39300,0.008398
39400,0.007792
39500,0.008952
39600,0.007699
39700,0.007328
39800,0.007918
39900,0.007627
40000,0.008354
40100,0.00794
40200,0.007681
40300,0.007081
40400,0.008329
40500,0.007839
40600,0.006973
40700,0.007554
40800,0.006908
40900,0.00783
41000,0.007218
41100,0.008288
41200,0.007211
41300,0.008853
41400,0.00835
41500,0.007524
41600,0.007544
41700,0.007356
41800,0.008256
41900,0.008306
42000,0.008473
42100,0.007174
42200,0.007667
42300,0.007476
42400,0.007953
42500,0.007997
42600,0.007797
42700,0.007348
42800,0.007181
42900,0.007824
43000,0.008075
43100,0.007197
43200,0.006886
43300,0.007787
43400,0.008472
43500,0.00825
43600,0.006684
43700,0.007474
43800,0.00778
43900,0.006958
44000,0.007803
44100,0.008197
44200,0.006996
44300,0.007719
44400,0.007714
44500,0.006816
44600,0.008296
44700,0.007321
44800,0.00824
44900,0.007168
45000,0.007693
45100,0.007662
45200,0.006903
45300,0.007581
45400,0.007071
45500,0.007196
45600,0.007539
45700,0.007928
45800,0.007194
45900,0.007063
46000,0.007627
46100,0.007624
46200,0.008096
46300,0.008132
46400,0.007628
46500,0.007615
46600,0.007579
46700,0.007624
46800,0.007544
46900,0.007468
47000,0.007637
47100,0.007253
47200,0.008022
47300,0.00733
47400,0.007964
47500,0.007117
47600,0.007561
47700,0.007952
47800,0.006955
47900,0.008109
48000,0.007177
48100,0.00855
48200,0.007476
48300,0.007173
48400,0.00698
48500,0.00725
48600,0.007601
48700,0.007502
48800,0.007284
48900,0.00766
49000,0.007096
49100,0.008007
49200,0.007852
49300,0.00715
49400,0.006719
49500,0.007274
49600,0.007402
49700,0.007343
49800,0.006877
49900,0.007683
50000,0.007808
50100,0.008653
50200,0.007019
50300,0.008132
50400,0.007632
50500,0.007501
50600,0.007372
50700,0.00808
50800,0.00779
50900,0.008376
51000,0.007381
51100,0.007055
51200,0.008347
51300,0.00715
51400,0.007612
51500,0.007656
51600,0.007583
51700,0.006945
51800,0.007943
51900,0.007494
52000,0.007541
52100,0.00715
52200,0.008035
52300,0.007172
52400,0.007858
52500,0.00786
52600,0.00787
52700,0.007546
52800,0.007553
52900,0.007958
53000,0.007392
53100,0.007074
53200,0.008091
53300,0.007844
53400,0.007577
53500,0.007133
53600,0.006733
53700,0.007359
53800,0.00705
53900,0.007293
54000,0.007386
54100,0.00751
54200,0.007983
54300,0.007708
54400,0.007339
54500,0.007283
54600,0.007564
54700,0.007346
54800,0.007936
54900,0.007609
55000,0.007589
55100,0.007261
55200,0.007314
55300,0.007241
55400,0.006761
55500,0.007605
55600,0.007282
55700,0.007545
55800,0.008507
55900,0.007303
56000,0.007669
56100,0.007478
56200,0.007328
56300,0.00742
56400,0.007985
56500,0.008164
56600,0.007099
56700,0.007334
56800,0.007402
56900,0.008299
57000,0.006978
57100,0.007344
57200,0.007368
57300,0.007157
57400,0.006858
57500,0.0065
57600,0.007044
57700,0.007166
57800,0.007202
57900,0.007635
58000,0.007126
58100,0.006821
58200,0.008218
58300,0.007491
58400,0.008168
58500,0.008322
58600,0.006941
58700,0.007238
58800,0.006993
58900,0.007272
59000,0.00885
59100,0.00728
59200,0.007278
59300,0.007062
59400,0.006736
59500,0.006852
59600,0.007234
59700,0.007458
59800,0.007614
59900,0.007146
60000,0.007749
60100,0.007166
60200,0.007084
60300,0.007829
60400,0.00694
60500,0.008661
60600,0.007087
60700,0.007252
60800,0.00759
60900,0.007379
61000,0.007626
61100,0.008058
61200,0.007385
61300,0.007101
61400,0.007335
61500,0.007439
61600,0.006981
61700,0.006743
61800,0.007271
61900,0.007329
62000,0.00762
62100,0.007449
62200,0.007323
62300,0.007
62400,0.008103
62500,0.008617
62600,0.00728
62700,0.006981
62800,0.006608
62900,0.007537
63000,0.007661
63100,0.007177
63200,0.006872
63300,0.006955
63400,0.008085
63500,0.007081
63600,0.006887
63700,0.007298
63800,0.007107
63900,0.00718
64000,0.006666
64100,0.007173
64200,0.007279
64300,0.006935
64400,0.007148
64500,0.007878
64600,0.007699
64700,0.007576
64800,0.007352
64900,0.007371
65000,0.007285
65100,0.006736
65200,0.007084
65300,0.007843
65400,0.007829
65500,0.007485
65600,0.007532
65700,0.007117
65800,0.007407
65900,0.007623
66000,0.007086
66100,0.006988
66200,0.00725
66300,0.008076
66400,0.006957
66500,0.007049
66600,0.007397
66700,0.007495
66800,0.007137
66900,0.006641
67000,0.007117
67100,0.006633
67200,0.007352
67300,0.006636
67400,0.007011
67500,0.007204
67600,0.007032
67700,0.008018
67800,0.006956
67900,0.007767
68000,0.00752
68100,0.007369
68200,0.008144
68300,0.007285
68400,0.007199
68500,0.007347
68600,0.006894
68700,0.006647
68800,0.007003
68900,0.006708
69000,0.007124
69100,0.006989
69200,0.006935
69300,0.007312
69400,0.007115
69500,0.006894
69600,0.007552
69700,0.007001
69800,0.006949
69900,0.007092
70000,0.007147
70100,0.007563
70200,0.007635
70300,0.007021
70400,0.007073
70500,0.007681
70600,0.006891
70700,0.007419
70800,0.007463
70900,0.007315
71000,0.006758
71100,0.006605
71200,0.0068
71300,0.007263
71400,0.006831
71500,0.006747
71600,0.007315
71700,0.006917
71800,0.007193
71900,0.006987
72000,0.007305
72100,0.00721
72200,0.006789
72300,0.006427
72400,0.006713
72500,0.0069
72600,0.007099
72700,0.007791
72800,0.006479
72900,0.007198
73000,0.007012
73100,0.007574
73200,0.007011
73300,0.007495
73400,0.006796
73500,0.006523
73600,0.007745
73700,0.006373
73800,0.007383
73900,0.006703
74000,0.008096
74100,0.006745
74200,0.008098
74300,0.006782
74400,0.008101
74500,0.00791
74600,0.006693
74700,0.00714
74800,0.006977
74900,0.007021
75000,0.006863
75100,0.006808
75200,0.006888
75300,0.007161
75400,0.007141
75500,0.007392
75600,0.007016
75700,0.006673
75800,0.007751
75900,0.006893
76000,0.006611
76100,0.007118
76200,0.007105
76300,0.007075
76400,0.007386
76500,0.006636
76600,0.007384
76700,0.006983
76800,0.006671
76900,0.007148
77000,0.006923
77100,0.007243
77200,0.006544
77300,0.008006
77400,0.006326
77500,0.007586
77600,0.006668
77700,0.007265
77800,0.007127
77900,0.006139
78000,0.007385
78100,0.007463
78200,0.007195
78300,0.00733
78400,0.007029
78500,0.006237
78600,0.006713
78700,0.007035
78800,0.007243
78900,0.006639
79000,0.006974
79100,0.007333
79200,0.008302
79300,0.00654
79400,0.007093
79500,0.007371
79600,0.007277
79700,0.007412
79800,0.007485
79900,0.006647
80000,0.006913
80100,0.007549
80200,0.006342
80300,0.007127
80400,0.007143
80500,0.006831
80600,0.007524
80700,0.007223
80800,0.007248
80900,0.006824
81000,0.007285
81100,0.007475
81200,0.00682
81300,0.006615
81400,0.006883
81500,0.006947
81600,0.0069
81700,0.006531
81800,0.006643
81900,0.007223
82000,0.007087
82100,0.007103
82200,0.007054
82300,0.007165
82400,0.006795
82500,0.007113
82600,0.007423
82700,0.006973
82800,0.006623
82900,0.007459
83000,0.006678
83100,0.007017
83200,0.006384
83300,0.006574
83400,0.008063
83500,0.006355
83600,0.007571
83700,0.006713
83800,0.006699
83900,0.006775
84000,0.007865
84100,0.006873
84200,0.007565
84300,0.007421
84400,0.006801
84500,0.007214
84600,0.007229
84700,0.007134
84800,0.007017
84900,0.006808
85000,0.007342
85100,0.006684
85200,0.006762
85300,0.00716
85400,0.007022
85500,0.006413
85600,0.006922
85700,0.006643
85800,0.007013
85900,0.007428
86000,0.007634
86100,0.007278
86200,0.006963
86300,0.006977
86400,0.006637
86500,0.007467
86600,0.006867
86700,0.006904
86800,0.00721
86900,0.006655
87000,0.006648
87100,0.006727
87200,0.007465
87300,0.006731
87400,0.007094
87500,0.006896
87600,0.006701
87700,0.007425
87800,0.006736
87900,0.00733
88000,0.007625
88100,0.008001
88200,0.007073
88300,0.006825
88400,0.006724
88500,0.008287
88600,0.007045
88700,0.006704
88800,0.007267
88900,0.007058
89000,0.007226
89100,0.006734
89200,0.007105
89300,0.006738
89400,0.007883
89500,0.007
89600,0.00664
89700,0.008103
89800,0.006291
89900,0.006444
90000,0.006773
90100,0.006725
90200,0.007116
90300,0.006836
90400,0.007486
90500,0.007235
90600,0.006917
90700,0.007053
90800,0.007035
90900,0.007204
91000,0.006089
91100,0.006908
91200,0.007679
91300,0.007546
91400,0.006529
91500,0.006647
91600,0.006418
91700,0.006901
91800,0.006464
91900,0.006678
92000,0.006597
92100,0.007207
92200,0.007183
92300,0.007028
92400,0.007183
92500,0.006832
92600,0.006608
92700,0.007194
92800,0.006721
92900,0.007123
93000,0.006567
93100,0.007126
93200,0.0073
93300,0.008099
93400,0.007116
93500,0.006752
93600,0.006918
93700,0.007005
93800,0.006963
93900,0.007805
94000,0.007084
94100,0.007068
94200,0.007177
94300,0.006285
94400,0.005997
94500,0.007745
94600,0.006026
94700,0.007375
94800,0.007177
94900,0.007427
95000,0.007532
95100,0.006473
95200,0.006448
95300,0.006878
95400,0.006633
95500,0.006919
95600,0.006907
95700,0.005976
95800,0.006977
95900,0.006366
96000,0.006498
96100,0.007063
96200,0.007168
96300,0.007096
96400,0.006937
96500,0.00642
96600,0.006572
96700,0.006341
96800,0.007117
96900,0.007097
97000,0.007441
97100,0.007758
97200,0.006909
97300,0.007296
97400,0.007567
97500,0.006745
97600,0.006428
97700,0.006463
97800,0.007217
97900,0.006828
98000,0.006601
98100,0.007176
98200,0.007087
98300,0.006279
98400,0.006847
98500,0.00652
98600,0.007111
98700,0.0067
98800,0.006504
98900,0.006705
99000,0.007364
99100,0.006143
99200,0.006926
99300,0.006506
99400,0.007259
99500,0.007473
99600,0.006752
99700,0.006733
99800,0.007099
99900,0.007319
100000,0.006457
100100,0.007389
100200,0.006702
100300,0.00721
100400,0.006413
100500,0.006884
100600,0.00622
100700,0.007852
100800,0.007166
100900,0.007214
101000,0.006776
101100,0.006632
101200,0.007487
101300,0.007096
101400,0.00664
101500,0.006486
101600,0.006304
101700,0.006607
101800,0.006069
101900,0.006774
102000,0.006699
102100,0.007345
102200,0.006114
102300,0.006594
102400,0.007232
102500,0.006953
102600,0.006652
102700,0.006426
102800,0.006489
102900,0.006712
103000,0.006575
103100,0.006862
103200,0.007252
103300,0.006334
103400,0.006824
103500,0.006856
103600,0.006695
103700,0.007276
103800,0.006513
103900,0.006283
104000,0.006725
104100,0.006651
104200,0.006521
104300,0.006615
104400,0.006631
104500,0.006943
104600,0.006977
104700,0.00625
104800,0.006729
104900,0.006903
105000,0.006187
105100,0.006644
105200,0.006926
105300,0.006833
105400,0.006555
105500,0.007152
105600,0.006749
105700,0.007015
105800,0.006427
105900,0.006707
106000,0.007093
106100,0.007126
106200,0.006817
106300,0.006905
106400,0.006829
106500,0.007379
106600,0.006963
106700,0.006626
106800,0.006586
106900,0.006666
107000,0.006354
107100,0.006597
107200,0.007289
107300,0.006836
107400,0.006755
107500,0.006316
107600,0.006853
107700,0.007281
107800,0.006874
107900,0.007631
108000,0.007031
108100,0.006991
108200,0.007072
108300,0.006435
108400,0.006932
108500,0.007236
108600,0.006238
108700,0.006456
108800,0.006845
108900,0.00643
109000,0.007155
109100,0.006297
109200,0.006951
109300,0.006699
109400,0.00804
109500,0.006313
109600,0.006275
109700,0.006089
109800,0.007018
109900,0.006922
110000,0.006615
110100,0.007073
110200,0.007382
110300,0.006969
110400,0.006828
110500,0.006657
110600,0.006689
110700,0.006811
110800,0.006578
110900,0.006793
111000,0.007196
111100,0.006734
111200,0.006113
111300,0.006729
111400,0.006439
111500,0.006361
111600,0.006803
111700,0.006374
111800,0.006778
111900,0.006373
112000,0.00641
112100,0.00691
112200,0.006661
112300,0.006267
112400,0.006365
112500,0.00612
112600,0.007158
112700,0.006855
112800,0.007361
112900,0.006891
113000,0.006582
113100,0.006607
113200,0.006921
113300,0.007163
113400,0.00703
113500,0.006978
113600,0.006361
113700,0.007161
113800,0.006515
113900,0.00658
114000,0.006621
114100,0.006873
114200,0.006435
114300,0.006744
114400,0.007075
114500,0.007099
114600,0.006639
114700,0.006285
114800,0.006703
114900,0.006376
115000,0.006785
115100,0.005605
115200,0.005839
115300,0.007491
115400,0.007084
115500,0.006777
115600,0.006815
115700,0.007212
115800,0.006785
115900,0.006468
116000,0.00652
116100,0.007475
116200,0.006696
116300,0.006407
116400,0.006544
116500,0.00667
116600,0.006525
116700,0.006231
116800,0.006628
116900,0.007128
117000,0.0078
117100,0.006741
117200,0.007384
117300,0.00603
117400,0.006681
117500,0.006258
117600,0.006578
117700,0.006903
117800,0.00713
117900,0.007437
118000,0.0069
118100,0.005817
118200,0.006796
118300,0.007094
118400,0.006525
118500,0.007503
118600,0.006888
118700,0.006209
118800,0.006494
118900,0.006169
119000,0.006758
119100,0.006552
119200,0.006156
119300,0.006184
119400,0.006351
119500,0.006489
119600,0.007004
119700,0.006352
119800,0.006882
119900,0.006825
120000,0.007788
120100,0.00665
120200,0.007249
120300,0.007048
120400,0.006428
120500,0.006627
120600,0.006551
120700,0.006578
120800,0.006854
120900,0.006526
121000,0.007143
121100,0.006193
121200,0.00678
121300,0.006924
121400,0.00625
121500,0.006147
121600,0.006518
121700,0.007011
121800,0.006111
121900,0.006395
122000,0.005707
122100,0.006468
122200,0.005974
122300,0.007258
122400,0.006429
122500,0.00695
122600,0.006936
122700,0.007673
122800,0.00676
122900,0.006513
123000,0.006493
123100,0.007177
123200,0.006387
123300,0.006298
123400,0.006776
123500,0.006111
123600,0.006319
123700,0.00606
123800,0.00683
123900,0.006932
124000,0.006649
124100,0.0067
124200,0.006733
124300,0.006512
124400,0.006046
124500,0.007161
124600,0.006494
124700,0.00682
124800,0.007022
124900,0.006886
125000,0.006642
125100,0.006329
125200,0.006032
125300,0.006636
125400,0.006592
125500,0.007287
125600,0.006719
125700,0.006236
125800,0.006236
125900,0.006503
126000,0.006815
126100,0.006192
126200,0.006449
126300,0.007558
126400,0.006412
126500,0.006347
126600,0.006697
126700,0.006468
126800,0.006134
126900,0.006561
127000,0.006503
127100,0.00628
127200,0.006354
127300,0.006673
127400,0.006782
127500,0.006422
127600,0.006752
127700,0.006493
127800,0.006493
127900,0.006787
128000,0.00714
128100,0.006926
128200,0.006406
128300,0.006246
128400,0.006722
128500,0.007544
128600,0.006412
128700,0.006546
128800,0.006574
128900,0.006418
129000,0.006614
129100,0.006434
129200,0.007143
129300,0.006619
129400,0.006425
129500,0.007887
129600,0.006902
129700,0.007222
129800,0.006118
129900,0.006962
130000,0.00639
130100,0.006959
130200,0.006332
130300,0.007199
130400,0.006574
130500,0.00647
130600,0.006044
130700,0.007433
130800,0.007174
130900,0.006437
131000,0.006623
131100,0.007197
131200,0.006399
131300,0.005947
131400,0.007201
131500,0.006388
131600,0.00686
131700,0.007803
131800,0.00637
131900,0.006122
132000,0.006558
132100,0.006602
132200,0.006909
132300,0.007065
132400,0.00606
132500,0.006877
132600,0.006453
132700,0.007453
132800,0.006502
132900,0.006708
133000,0.006325
133100,0.006908
133200,0.00663
133300,0.006601
133400,0.006933
133500,0.006938
133600,0.006423
133700,0.006512
133800,0.006936
133900,0.006532
134000,0.006841
134100,0.006532
134200,0.005907
134300,0.006439
134400,0.006619
134500,0.006484
134600,0.006667
134700,0.006228
134800,0.006675
134900,0.007322
135000,0.006443
135100,0.006024
135200,0.006369
135300,0.006285
135400,0.007697
135500,0.007108
135600,0.006626
135700,0.00626
135800,0.007
135900,0.006235
136000,0.006993
136100,0.006286
136200,0.006376
136300,0.006961
136400,0.007043
136500,0.006835
136600,0.006638
136700,0.006866
136800,0.006307
136900,0.006558
137000,0.006059
137100,0.007585
137200,0.006804
137300,0.006328
137400,0.006269
137500,0.006558
137600,0.006752
137700,0.006449
137800,0.006583
137900,0.007196
138000,0.006463
138100,0.006062
138200,0.006012
138300,0.006848
138400,0.006882
138500,0.006357
138600,0.006167
138700,0.006802
138800,0.00634
138900,0.006787
139000,0.006755
139100,0.006744
139200,0.00651
139300,0.006337
139400,0.006322
139500,0.006299
139600,0.006015
139700,0.006703
139800,0.006568
139900,0.006511
140000,0.00682
140100,0.006675
140200,0.006239
140300,0.007148
140400,0.006217
140500,0.006724
140600,0.006768
140700,0.006794
140800,0.006551
140900,0.006417
141000,0.006294
141100,0.006171
141200,0.007066
141300,0.006557
141400,0.006704
141500,0.007093
141600,0.006687
141700,0.00648
141800,0.006081
141900,0.006354
142000,0.006828
142100,0.006213
142200,0.006207
142300,0.006139
142400,0.006266
142500,0.006172
142600,0.007353
142700,0.007001
142800,0.006278
142900,0.005883
143000,0.007163
143100,0.006678
143200,0.006101
143300,0.006959
143400,0.006306
143500,0.006625
143600,0.007944
143700,0.005983
143800,0.006364
143900,0.006884
144000,0.007224
144100,0.006225
144200,0.006154
144300,0.006414
144400,0.006727
144500,0.006188
144600,0.006832
144700,0.006591
144800,0.006683
144900,0.0062
145000,0.006321
145100,0.006311
145200,0.006616
145300,0.00653
145400,0.006288
145500,0.006349
145600,0.006722
145700,0.006724
145800,0.006301
145900,0.007387
146000,0.006188
146100,0.006166
